{
  "cells": [
    {
      "cell_type": "markdown",
      "id": "881afd56",
      "metadata": {
        "id": "881afd56"
      },
      "source": [
        "# &laquo;Машинное обучение&raquo;, AI Masters\n",
        "\n",
        "### Домашняя работа №1. NumPy.\n",
        "\n",
        "Правила:\n",
        "\n",
        "* Задачи разделены на 2 блока.\n",
        "    * В 1 блоке решение всех задач оценивается _суммарно_ на 1 балл.\n",
        "    * Во 2 блоке балл за задачу указан рядом с условием.\n",
        "    * Для того, чтобы приступить ко второму блоку, нужно полностью решить первый блок.\n",
        "* Нужно заполнить ячейки текущего ноутбука (**не нужно** создавать новый ноутбук и копировать в него код)\n",
        "* Для решения задач использовать только библиотеку numpy.\n",
        "* <font color='red'>Запрещается</font> использовать:\n",
        "    * Циклы for/while\n",
        "    * Goto\n",
        "    * Любые функции из https://numpy.org/doc/stable/reference/routines.functional.html (кроме задачи №8)\n",
        "    * Условиями (if/else) пользоваться можно, но без фанатизма :)\n",
        "* После каждой задачи 2 блока предложен небольшой набор тестов, тесты удалять нельзя, можно добавлять новые.\n",
        "\n",
        "ФИО: <font color='red'>Филатов Марк Сергеевич</font>"
      ]
    },
    {
      "cell_type": "markdown",
      "id": "e00cd39a",
      "metadata": {
        "id": "e00cd39a"
      },
      "source": [
        "Кодстайл\n",
        "\n",
        "* проверка онлайн (пример https://codebeautify.org/python-formatter-beautifier)\n",
        "* линтеры"
      ]
    },
    {
      "cell_type": "code",
      "execution_count": 2,
      "id": "d90a61fa",
      "metadata": {
        "id": "d90a61fa"
      },
      "outputs": [],
      "source": [
        "import numpy as np"
      ]
    },
    {
      "cell_type": "markdown",
      "source": [
        "## Блок 1. Задачи на знакомство с функциями (1 балл)"
      ],
      "metadata": {
        "id": "6sV6yiymYlav"
      },
      "id": "6sV6yiymYlav"
    },
    {
      "cell_type": "markdown",
      "source": [
        "### Задача 1.1\n",
        "\n",
        "Создайте массив 5x5 с числами от 1 до 25, возрастающих по столбцам."
      ],
      "metadata": {
        "id": "edXSyzXfZ5kw"
      },
      "id": "edXSyzXfZ5kw"
    },
    {
      "cell_type": "code",
      "source": [
        "arr = np.arange(1, 26).reshape(5, 5).transpose()\n",
        "arr"
      ],
      "metadata": {
        "id": "ErpgkXKDa1D3",
        "colab": {
          "base_uri": "https://localhost:8080/"
        },
        "outputId": "3ddfff17-af55-4783-f9f7-191e8bccdbfe"
      },
      "id": "ErpgkXKDa1D3",
      "execution_count": 3,
      "outputs": [
        {
          "output_type": "execute_result",
          "data": {
            "text/plain": [
              "array([[ 1,  6, 11, 16, 21],\n",
              "       [ 2,  7, 12, 17, 22],\n",
              "       [ 3,  8, 13, 18, 23],\n",
              "       [ 4,  9, 14, 19, 24],\n",
              "       [ 5, 10, 15, 20, 25]])"
            ]
          },
          "metadata": {},
          "execution_count": 3
        }
      ]
    },
    {
      "cell_type": "markdown",
      "source": [
        "### Задача 1.2\n",
        "\n",
        "Создайте массив 10x10, заполненную нулями и единицами в виде шахматного поля.\n",
        "\n",
        "Считайте, что элемент с индексом `(0, 0)` должен быть равен `0`."
      ],
      "metadata": {
        "id": "2xOGYHwga2LH"
      },
      "id": "2xOGYHwga2LH"
    },
    {
      "cell_type": "code",
      "source": [
        "arr = np.zeros((10,10))\n",
        "arr[1::2, ::2] = 1\n",
        "arr[::2, 1::2 ] = 1\n",
        "arr"
      ],
      "metadata": {
        "id": "dn00-_POa1io",
        "colab": {
          "base_uri": "https://localhost:8080/"
        },
        "outputId": "841bc42f-66c3-4e62-a9c1-5cbc0508ddb3"
      },
      "id": "dn00-_POa1io",
      "execution_count": 4,
      "outputs": [
        {
          "output_type": "execute_result",
          "data": {
            "text/plain": [
              "array([[0., 1., 0., 1., 0., 1., 0., 1., 0., 1.],\n",
              "       [1., 0., 1., 0., 1., 0., 1., 0., 1., 0.],\n",
              "       [0., 1., 0., 1., 0., 1., 0., 1., 0., 1.],\n",
              "       [1., 0., 1., 0., 1., 0., 1., 0., 1., 0.],\n",
              "       [0., 1., 0., 1., 0., 1., 0., 1., 0., 1.],\n",
              "       [1., 0., 1., 0., 1., 0., 1., 0., 1., 0.],\n",
              "       [0., 1., 0., 1., 0., 1., 0., 1., 0., 1.],\n",
              "       [1., 0., 1., 0., 1., 0., 1., 0., 1., 0.],\n",
              "       [0., 1., 0., 1., 0., 1., 0., 1., 0., 1.],\n",
              "       [1., 0., 1., 0., 1., 0., 1., 0., 1., 0.]])"
            ]
          },
          "metadata": {},
          "execution_count": 4
        }
      ]
    },
    {
      "cell_type": "markdown",
      "source": [
        "### Задача 1.3\n",
        "\n",
        "Напишите функцию, принимающую на вход число и создающую массив, где числа растут от 0 до этого числа, а потом снова убывают. Пример для 100:\n",
        "\n",
        "```\n",
        ">>> f(100)\n",
        "array([0, 1, 2, ..., 98, 99, 100, 99, 98, ..., 2, 1, 0])\n",
        "```"
      ],
      "metadata": {
        "id": "DolbhmnKbBdH"
      },
      "id": "DolbhmnKbBdH"
    },
    {
      "cell_type": "code",
      "source": [
        "def f(n):\n",
        "  return np.concatenate([np.arange(0, n),  np.arange(n, -1, -1)])\n",
        "f(100)"
      ],
      "metadata": {
        "id": "8P7k8ZDMbdkw",
        "colab": {
          "base_uri": "https://localhost:8080/"
        },
        "outputId": "84f09913-513f-4ef9-bbf0-4dfc492b0302"
      },
      "id": "8P7k8ZDMbdkw",
      "execution_count": 5,
      "outputs": [
        {
          "output_type": "execute_result",
          "data": {
            "text/plain": [
              "array([  0,   1,   2,   3,   4,   5,   6,   7,   8,   9,  10,  11,  12,\n",
              "        13,  14,  15,  16,  17,  18,  19,  20,  21,  22,  23,  24,  25,\n",
              "        26,  27,  28,  29,  30,  31,  32,  33,  34,  35,  36,  37,  38,\n",
              "        39,  40,  41,  42,  43,  44,  45,  46,  47,  48,  49,  50,  51,\n",
              "        52,  53,  54,  55,  56,  57,  58,  59,  60,  61,  62,  63,  64,\n",
              "        65,  66,  67,  68,  69,  70,  71,  72,  73,  74,  75,  76,  77,\n",
              "        78,  79,  80,  81,  82,  83,  84,  85,  86,  87,  88,  89,  90,\n",
              "        91,  92,  93,  94,  95,  96,  97,  98,  99, 100,  99,  98,  97,\n",
              "        96,  95,  94,  93,  92,  91,  90,  89,  88,  87,  86,  85,  84,\n",
              "        83,  82,  81,  80,  79,  78,  77,  76,  75,  74,  73,  72,  71,\n",
              "        70,  69,  68,  67,  66,  65,  64,  63,  62,  61,  60,  59,  58,\n",
              "        57,  56,  55,  54,  53,  52,  51,  50,  49,  48,  47,  46,  45,\n",
              "        44,  43,  42,  41,  40,  39,  38,  37,  36,  35,  34,  33,  32,\n",
              "        31,  30,  29,  28,  27,  26,  25,  24,  23,  22,  21,  20,  19,\n",
              "        18,  17,  16,  15,  14,  13,  12,  11,  10,   9,   8,   7,   6,\n",
              "         5,   4,   3,   2,   1,   0])"
            ]
          },
          "metadata": {},
          "execution_count": 5
        }
      ]
    },
    {
      "cell_type": "markdown",
      "source": [
        "### Задача 1.4\n",
        "\n",
        "Реализуйте функцию, которая считает проекцию одного вектора $a \\in \\mathbb{R}^n$ на другой вектор $b \\in \\mathbb{R}^n$."
      ],
      "metadata": {
        "id": "jmEif25mbdqm"
      },
      "id": "jmEif25mbdqm"
    },
    {
      "cell_type": "code",
      "source": [
        "def project(a, b):\n",
        "    return ((a@b)/(b@b)) * b"
      ],
      "metadata": {
        "id": "8ZhJZ6kabzBP"
      },
      "id": "8ZhJZ6kabzBP",
      "execution_count": 6,
      "outputs": []
    },
    {
      "cell_type": "code",
      "source": [
        "a = np.array([2, 0, 1], dtype=np.float64)\n",
        "b = np.array([1, 0, 0], dtype=np.float64)\n",
        "project(a, b)  # [2, 0, 0]"
      ],
      "metadata": {
        "colab": {
          "base_uri": "https://localhost:8080/"
        },
        "id": "zfcND-tOc7A2",
        "outputId": "580c1ee2-c2dc-49f0-ff7c-edf670e89bb1"
      },
      "id": "zfcND-tOc7A2",
      "execution_count": 7,
      "outputs": [
        {
          "output_type": "execute_result",
          "data": {
            "text/plain": [
              "array([2., 0., 0.])"
            ]
          },
          "metadata": {},
          "execution_count": 7
        }
      ]
    },
    {
      "cell_type": "markdown",
      "source": [
        "### Задача 1.5\n",
        "\n",
        "Создайте случайный массив длины 100 из стандартного нормального распределения. Сделайте так, что с вероятностью 20% каждый элемент превратится в `nan`. Посчитайте в полученном массиве дисперсию, игнорируя пропущенные значения."
      ],
      "metadata": {
        "id": "VXbb0Exgb372"
      },
      "id": "VXbb0Exgb372"
    },
    {
      "cell_type": "code",
      "source": [
        "rand_arr = np.random.randn(100)\n",
        "rand_arr[np.random.random(100) <= 0.2] = np.nan\n",
        "np.nanvar(rand_arr)"
      ],
      "metadata": {
        "id": "3idFaFWNcC3O",
        "colab": {
          "base_uri": "https://localhost:8080/"
        },
        "outputId": "51717cd2-434f-49c3-8b52-4e07d1119194"
      },
      "id": "3idFaFWNcC3O",
      "execution_count": 8,
      "outputs": [
        {
          "output_type": "execute_result",
          "data": {
            "text/plain": [
              "np.float64(1.0835598258936008)"
            ]
          },
          "metadata": {},
          "execution_count": 8
        }
      ]
    },
    {
      "cell_type": "markdown",
      "source": [
        "### Задача 1.6\n",
        "\n",
        "Напишите функцию, создающую матрицу размера $n \\times n$ с единицами на главной и побочной диагоналях.\n",
        "\n",
        "Пример для случая 5x5:\n",
        "```\n",
        "array([[1, 0, 0, 0, 1],\n",
        "       [0, 1, 0, 1, 0],\n",
        "       [0, 0, 1, 0, 0],\n",
        "       [0, 1, 0, 1, 0],\n",
        "       [1, 0, 0, 0, 1]])\n",
        "```"
      ],
      "metadata": {
        "id": "RxT-iDUzeFM-"
      },
      "id": "RxT-iDUzeFM-"
    },
    {
      "cell_type": "code",
      "source": [
        "def double_eye(n: int, dtype: np.dtype = np.int64):\n",
        "  result = np.eye(n) + np.eye(n)[::-1, ::]\n",
        "  result[n//2, n//2] = 1\n",
        "  return result"
      ],
      "metadata": {
        "id": "FQsbihDbfcnO"
      },
      "id": "FQsbihDbfcnO",
      "execution_count": 9,
      "outputs": []
    },
    {
      "cell_type": "code",
      "source": [
        "double_eye(11)"
      ],
      "metadata": {
        "colab": {
          "base_uri": "https://localhost:8080/"
        },
        "id": "nD9k4DB5NV1F",
        "outputId": "a19b336a-250c-4598-f2f8-e806f6a1f3fd"
      },
      "id": "nD9k4DB5NV1F",
      "execution_count": null,
      "outputs": [
        {
          "output_type": "execute_result",
          "data": {
            "text/plain": [
              "array([[1., 0., 0., 0., 0., 0., 0., 0., 0., 0., 1.],\n",
              "       [0., 1., 0., 0., 0., 0., 0., 0., 0., 1., 0.],\n",
              "       [0., 0., 1., 0., 0., 0., 0., 0., 1., 0., 0.],\n",
              "       [0., 0., 0., 1., 0., 0., 0., 1., 0., 0., 0.],\n",
              "       [0., 0., 0., 0., 1., 0., 1., 0., 0., 0., 0.],\n",
              "       [0., 0., 0., 0., 0., 1., 0., 0., 0., 0., 0.],\n",
              "       [0., 0., 0., 0., 1., 0., 1., 0., 0., 0., 0.],\n",
              "       [0., 0., 0., 1., 0., 0., 0., 1., 0., 0., 0.],\n",
              "       [0., 0., 1., 0., 0., 0., 0., 0., 1., 0., 0.],\n",
              "       [0., 1., 0., 0., 0., 0., 0., 0., 0., 1., 0.],\n",
              "       [1., 0., 0., 0., 0., 0., 0., 0., 0., 0., 1.]])"
            ]
          },
          "metadata": {},
          "execution_count": 71
        }
      ]
    },
    {
      "cell_type": "markdown",
      "source": [
        "### Задача 1.7\n",
        "\n",
        "Создайте 2 массива длины 10 из стандартного нормального распределения. Умножьте элементы первого массива на соответствующие элементы второго, но только если элемент во втором больше 0. В остальных случаях оставьте значение из первого массива."
      ],
      "metadata": {
        "id": "S-j5M_LJfcuG"
      },
      "id": "S-j5M_LJfcuG"
    },
    {
      "cell_type": "code",
      "source": [
        "arr_1 = np.random.randn(10)\n",
        "arr_2 = np.random.randn(10)\n",
        "result = np.where(arr_2> 0, arr_1 * arr_2, arr_1)\n",
        "result"
      ],
      "metadata": {
        "id": "QFFmkdpkf_Fs",
        "colab": {
          "base_uri": "https://localhost:8080/"
        },
        "outputId": "e135eded-5181-48a9-c253-465defc4d829"
      },
      "id": "QFFmkdpkf_Fs",
      "execution_count": 10,
      "outputs": [
        {
          "output_type": "execute_result",
          "data": {
            "text/plain": [
              "array([-0.86376884, -0.21365996, -1.20357459, -1.7297984 ,  1.37619572,\n",
              "        0.00382592,  1.13728377,  0.13062683, -0.46265876, -0.99710486])"
            ]
          },
          "metadata": {},
          "execution_count": 10
        }
      ]
    },
    {
      "cell_type": "code",
      "source": [
        "arr_1"
      ],
      "metadata": {
        "colab": {
          "base_uri": "https://localhost:8080/"
        },
        "id": "hwxZSyAn9Zf9",
        "outputId": "3ebbb63a-359e-4143-dee3-37dca2a8105b"
      },
      "id": "hwxZSyAn9Zf9",
      "execution_count": 11,
      "outputs": [
        {
          "output_type": "execute_result",
          "data": {
            "text/plain": [
              "array([-0.86376884, -0.37693257, -1.20357459, -1.7297984 ,  1.37619572,\n",
              "        0.00576244,  1.13728377,  0.50194728, -0.46265876, -0.99710486])"
            ]
          },
          "metadata": {},
          "execution_count": 11
        }
      ]
    },
    {
      "cell_type": "code",
      "source": [
        "arr_2"
      ],
      "metadata": {
        "colab": {
          "base_uri": "https://localhost:8080/"
        },
        "id": "7dWeHkVN9aWv",
        "outputId": "4cadd6c5-4a7a-4055-ecd6-a68dde4229ee"
      },
      "id": "7dWeHkVN9aWv",
      "execution_count": 12,
      "outputs": [
        {
          "output_type": "execute_result",
          "data": {
            "text/plain": [
              "array([-0.37086202,  0.56683867, -1.17481538, -1.39048564, -1.1588057 ,\n",
              "        0.66394156, -0.94968308,  0.26024015, -0.5174722 , -1.24137742])"
            ]
          },
          "metadata": {},
          "execution_count": 12
        }
      ]
    },
    {
      "cell_type": "code",
      "source": [
        "result"
      ],
      "metadata": {
        "colab": {
          "base_uri": "https://localhost:8080/"
        },
        "id": "XTjIvSsi9bRk",
        "outputId": "a0e302b1-6bba-46e3-b9b4-a44a0e05e8da"
      },
      "id": "XTjIvSsi9bRk",
      "execution_count": 13,
      "outputs": [
        {
          "output_type": "execute_result",
          "data": {
            "text/plain": [
              "array([-0.86376884, -0.21365996, -1.20357459, -1.7297984 ,  1.37619572,\n",
              "        0.00382592,  1.13728377,  0.13062683, -0.46265876, -0.99710486])"
            ]
          },
          "metadata": {},
          "execution_count": 13
        }
      ]
    },
    {
      "cell_type": "markdown",
      "source": [
        "### Задача 1.8\n",
        "\n",
        "Дан массив NumPy. Перемешайте значения внутри третьего столбца."
      ],
      "metadata": {
        "id": "v1-k7MYhf_Nd"
      },
      "id": "v1-k7MYhf_Nd"
    },
    {
      "cell_type": "code",
      "source": [
        "arr = np.broadcast_to(np.arange(0, 6)[:, np.newaxis], (6, 8)).copy()"
      ],
      "metadata": {
        "id": "PGkAhXnwffzN"
      },
      "id": "PGkAhXnwffzN",
      "execution_count": 14,
      "outputs": []
    },
    {
      "cell_type": "code",
      "source": [
        "arr[:, 2] = np.random.permutation(arr[:, 2])\n",
        "arr"
      ],
      "metadata": {
        "colab": {
          "base_uri": "https://localhost:8080/"
        },
        "id": "MepgILlOOQTe",
        "outputId": "37fc3cd5-da3a-4389-bc93-1e43aaa95d88"
      },
      "execution_count": 15,
      "outputs": [
        {
          "output_type": "execute_result",
          "data": {
            "text/plain": [
              "array([[0, 0, 5, 0, 0, 0, 0, 0],\n",
              "       [1, 1, 3, 1, 1, 1, 1, 1],\n",
              "       [2, 2, 0, 2, 2, 2, 2, 2],\n",
              "       [3, 3, 1, 3, 3, 3, 3, 3],\n",
              "       [4, 4, 2, 4, 4, 4, 4, 4],\n",
              "       [5, 5, 4, 5, 5, 5, 5, 5]])"
            ]
          },
          "metadata": {},
          "execution_count": 15
        }
      ],
      "id": "MepgILlOOQTe"
    },
    {
      "cell_type": "markdown",
      "source": [
        "### Задача 1.9\n",
        "\n",
        "Дан массив NumPy с пропущенными данными.\n",
        "\n",
        "1. Избавьтесь от столбцов, содержащих два и более пропусков.\n",
        "2. Затем заполните оставшиеся столбцы средним по таблице."
      ],
      "metadata": {
        "id": "sNcdePyZgNCN"
      },
      "id": "sNcdePyZgNCN"
    },
    {
      "cell_type": "code",
      "source": [
        "np.random.seed(5)\n",
        "arr = -np.log(np.random.uniform(-0.1, 0.9, (10, 7))).round(2)\n",
        "arr"
      ],
      "metadata": {
        "colab": {
          "base_uri": "https://localhost:8080/"
        },
        "id": "id_CWd1UgSV9",
        "outputId": "64480967-a647-4145-f84f-c9b5719aa16f"
      },
      "id": "id_CWd1UgSV9",
      "execution_count": 16,
      "outputs": [
        {
          "output_type": "stream",
          "name": "stderr",
          "text": [
            "/tmp/ipython-input-2278858934.py:2: RuntimeWarning: invalid value encountered in log\n",
            "  arr = -np.log(np.random.uniform(-0.1, 0.9, (10, 7))).round(2)\n"
          ]
        },
        {
          "output_type": "execute_result",
          "data": {
            "text/plain": [
              "array([[2.1 , 0.26, 2.24, 0.2 , 0.95, 0.67, 0.41],\n",
              "       [0.87, 1.63, 2.43,  nan, 0.45, 1.07, 2.84],\n",
              "       [0.25, 1.75, 1.16, 1.63, 0.64, 0.73, 0.69],\n",
              "       [1.8 , 1.69, 1.87, 1.48, 3.12, 2.72, 0.15],\n",
              "       [0.15, 2.43,  nan, 2.26, 0.51, 0.39,  nan],\n",
              "       [0.74,  nan, 0.88, 0.62, 0.12, 1.84, 0.35],\n",
              "       [0.26, 0.2 ,  nan, 1.  , 0.13, 1.21, 0.34],\n",
              "       [0.81, 0.4 , 0.95,  nan,  nan, 4.47, 1.89],\n",
              "       [0.15, 0.63, 0.33, 0.76, 0.62, 0.34, 0.19],\n",
              "       [0.21, 0.32,  nan, 1.34,  nan, 0.81, 0.36]])"
            ]
          },
          "metadata": {},
          "execution_count": 16
        }
      ]
    },
    {
      "cell_type": "code",
      "source": [
        "missings = np.isnan(arr).sum(axis = 0)\n",
        "arr = arr[:, missings < 2]\n",
        "arr[np.isnan(arr)] = np.nanmean(arr)\n",
        "arr"
      ],
      "metadata": {
        "id": "DL5tHnaagAz9",
        "colab": {
          "base_uri": "https://localhost:8080/"
        },
        "outputId": "b65f1f17-6c69-4690-a1a2-588179d4ed36"
      },
      "id": "DL5tHnaagAz9",
      "execution_count": 17,
      "outputs": [
        {
          "output_type": "execute_result",
          "data": {
            "text/plain": [
              "array([[2.1       , 0.26      , 0.67      , 0.41      ],\n",
              "       [0.87      , 1.63      , 1.07      , 2.84      ],\n",
              "       [0.25      , 1.75      , 0.73      , 0.69      ],\n",
              "       [1.8       , 1.69      , 2.72      , 0.15      ],\n",
              "       [0.15      , 2.43      , 0.39      , 1.00315789],\n",
              "       [0.74      , 1.00315789, 1.84      , 0.35      ],\n",
              "       [0.26      , 0.2       , 1.21      , 0.34      ],\n",
              "       [0.81      , 0.4       , 4.47      , 1.89      ],\n",
              "       [0.15      , 0.63      , 0.34      , 0.19      ],\n",
              "       [0.21      , 0.32      , 0.81      , 0.36      ]])"
            ]
          },
          "metadata": {},
          "execution_count": 17
        }
      ]
    },
    {
      "cell_type": "markdown",
      "source": [
        "### Задача 1.10\n",
        "\n",
        "Сгенерируйте случайный тензор размера 10x10. Добавьте к нему поля из нулей (размер станет 12x12).\n",
        "\n",
        "Выполнить эту задачу нужно именно в таком порядке (промежуточный массив должен быть размера 10x10).\n",
        "\n",
        "Название этого термина на английском - padding."
      ],
      "metadata": {
        "id": "2tH-wxNMgrat"
      },
      "id": "2tH-wxNMgrat"
    },
    {
      "cell_type": "code",
      "source": [
        "arr= np.random.random((10, 10))\n",
        "arr"
      ],
      "metadata": {
        "id": "kCRLbIUDg8vd",
        "colab": {
          "base_uri": "https://localhost:8080/"
        },
        "outputId": "21d8c566-1ce9-41eb-cbfa-fa3f18522f85"
      },
      "id": "kCRLbIUDg8vd",
      "execution_count": 18,
      "outputs": [
        {
          "output_type": "execute_result",
          "data": {
            "text/plain": [
              "array([[0.0511428 , 0.18866774, 0.36547777, 0.24429087, 0.79508747,\n",
              "        0.35209494, 0.63887768, 0.49341505, 0.58349974, 0.93929935],\n",
              "       [0.94354008, 0.11169243, 0.84355497, 0.34602815, 0.10082727,\n",
              "        0.38340907, 0.5103548 , 0.96110308, 0.37151262, 0.01236941],\n",
              "       [0.85970689, 0.11111075, 0.47833904, 0.84998003, 0.51473797,\n",
              "        0.44660783, 0.80047642, 0.02039138, 0.57261865, 0.41138362],\n",
              "       [0.9851368 , 0.80140153, 0.0539621 , 0.19047777, 0.45241885,\n",
              "        0.70294208, 0.33204815, 0.3599832 , 0.92147057, 0.95363051],\n",
              "       [0.40768573, 0.89857115, 0.33025325, 0.08273857, 0.52671757,\n",
              "        0.66084439, 0.89298429, 0.96515755, 0.76993268, 0.75909912],\n",
              "       [0.71004905, 0.70155283, 0.76733138, 0.97434948, 0.37371452,\n",
              "        0.08305444, 0.23964044, 0.22148276, 0.3635998 , 0.81031423],\n",
              "       [0.06009617, 0.44974356, 0.81317053, 0.26423837, 0.06340098,\n",
              "        0.24210767, 0.08507046, 0.80777744, 0.17025008, 0.19534463],\n",
              "       [0.81464201, 0.81028553, 0.58937388, 0.91473434, 0.05982164,\n",
              "        0.96499664, 0.57097522, 0.30251811, 0.82570583, 0.65941728],\n",
              "       [0.98650144, 0.10748953, 0.58091853, 0.47282816, 0.65227079,\n",
              "        0.24185905, 0.03113006, 0.54423235, 0.36471018, 0.89233328],\n",
              "       [0.45934559, 0.4186541 , 0.63290554, 0.52717883, 0.96121114,\n",
              "        0.78901011, 0.49669551, 0.211141  , 0.60398414, 0.74857581]])"
            ]
          },
          "metadata": {},
          "execution_count": 18
        }
      ]
    },
    {
      "cell_type": "code",
      "source": [
        "padded = np.pad(arr, pad_width=1, mode='constant', constant_values=0)\n",
        "padded"
      ],
      "metadata": {
        "colab": {
          "base_uri": "https://localhost:8080/"
        },
        "id": "PFEkXXivBLch",
        "outputId": "3e30cf03-34d1-4b5d-cccb-e28bf8a75e6a"
      },
      "id": "PFEkXXivBLch",
      "execution_count": 19,
      "outputs": [
        {
          "output_type": "execute_result",
          "data": {
            "text/plain": [
              "array([[0.        , 0.        , 0.        , 0.        , 0.        ,\n",
              "        0.        , 0.        , 0.        , 0.        , 0.        ,\n",
              "        0.        , 0.        ],\n",
              "       [0.        , 0.0511428 , 0.18866774, 0.36547777, 0.24429087,\n",
              "        0.79508747, 0.35209494, 0.63887768, 0.49341505, 0.58349974,\n",
              "        0.93929935, 0.        ],\n",
              "       [0.        , 0.94354008, 0.11169243, 0.84355497, 0.34602815,\n",
              "        0.10082727, 0.38340907, 0.5103548 , 0.96110308, 0.37151262,\n",
              "        0.01236941, 0.        ],\n",
              "       [0.        , 0.85970689, 0.11111075, 0.47833904, 0.84998003,\n",
              "        0.51473797, 0.44660783, 0.80047642, 0.02039138, 0.57261865,\n",
              "        0.41138362, 0.        ],\n",
              "       [0.        , 0.9851368 , 0.80140153, 0.0539621 , 0.19047777,\n",
              "        0.45241885, 0.70294208, 0.33204815, 0.3599832 , 0.92147057,\n",
              "        0.95363051, 0.        ],\n",
              "       [0.        , 0.40768573, 0.89857115, 0.33025325, 0.08273857,\n",
              "        0.52671757, 0.66084439, 0.89298429, 0.96515755, 0.76993268,\n",
              "        0.75909912, 0.        ],\n",
              "       [0.        , 0.71004905, 0.70155283, 0.76733138, 0.97434948,\n",
              "        0.37371452, 0.08305444, 0.23964044, 0.22148276, 0.3635998 ,\n",
              "        0.81031423, 0.        ],\n",
              "       [0.        , 0.06009617, 0.44974356, 0.81317053, 0.26423837,\n",
              "        0.06340098, 0.24210767, 0.08507046, 0.80777744, 0.17025008,\n",
              "        0.19534463, 0.        ],\n",
              "       [0.        , 0.81464201, 0.81028553, 0.58937388, 0.91473434,\n",
              "        0.05982164, 0.96499664, 0.57097522, 0.30251811, 0.82570583,\n",
              "        0.65941728, 0.        ],\n",
              "       [0.        , 0.98650144, 0.10748953, 0.58091853, 0.47282816,\n",
              "        0.65227079, 0.24185905, 0.03113006, 0.54423235, 0.36471018,\n",
              "        0.89233328, 0.        ],\n",
              "       [0.        , 0.45934559, 0.4186541 , 0.63290554, 0.52717883,\n",
              "        0.96121114, 0.78901011, 0.49669551, 0.211141  , 0.60398414,\n",
              "        0.74857581, 0.        ],\n",
              "       [0.        , 0.        , 0.        , 0.        , 0.        ,\n",
              "        0.        , 0.        , 0.        , 0.        , 0.        ,\n",
              "        0.        , 0.        ]])"
            ]
          },
          "metadata": {},
          "execution_count": 19
        }
      ]
    },
    {
      "cell_type": "markdown",
      "source": [
        "### Задача 1.11\n",
        "\n",
        "Сгенерируйте 2 вектора размера `(30,)` - координаты $x$ и $y$ для 30 точек в двумерном пространстве. Найдите матрицу попарных расстояний для этих точек."
      ],
      "metadata": {
        "id": "BVV8632KhPd0"
      },
      "id": "BVV8632KhPd0"
    },
    {
      "cell_type": "code",
      "source": [
        "x = np.random.random(30)\n",
        "y = np.random.random(30)\n",
        "x"
      ],
      "metadata": {
        "id": "JzqZ59rIhYpE",
        "colab": {
          "base_uri": "https://localhost:8080/"
        },
        "outputId": "e72f2df6-a6ac-46bf-ac75-75cdcbbea75c"
      },
      "id": "JzqZ59rIhYpE",
      "execution_count": 20,
      "outputs": [
        {
          "output_type": "execute_result",
          "data": {
            "text/plain": [
              "array([0.75586383, 0.99350401, 0.21849778, 0.42563733, 0.4238496 ,\n",
              "       0.31864644, 0.36533302, 0.47794131, 0.54209041, 0.26523025,\n",
              "       0.13436373, 0.3018861 , 0.13648009, 0.3177002 , 0.67918268,\n",
              "       0.60134116, 0.99722547, 0.56091459, 0.5487262 , 0.64234954,\n",
              "       0.72678937, 0.61581354, 0.58850006, 0.60500431, 0.35478546,\n",
              "       0.77738199, 0.60460331, 0.30923077, 0.245631  , 0.07126598])"
            ]
          },
          "metadata": {},
          "execution_count": 20
        }
      ]
    },
    {
      "cell_type": "code",
      "source": [
        "x_dist = x.reshape(-1, 1) - x.reshape(1, -1)\n",
        "y_dist = y.reshape(-1, 1) - y.reshape(1, -1)\n",
        "dist = np.sqrt(x_dist**2 + y_dist**2)\n",
        "dist"
      ],
      "metadata": {
        "colab": {
          "base_uri": "https://localhost:8080/"
        },
        "id": "38cciM99C78j",
        "outputId": "7c29162a-60b0-4fbb-849d-7869fc4ef4c1"
      },
      "id": "38cciM99C78j",
      "execution_count": 21,
      "outputs": [
        {
          "output_type": "execute_result",
          "data": {
            "text/plain": [
              "array([[0.        , 0.41063147, 0.56737824, 0.43775208, 0.33922542,\n",
              "        0.43721781, 0.46022085, 0.50971807, 0.34991727, 0.52543644,\n",
              "        0.82729375, 0.59386797, 0.63729732, 0.52872556, 0.17900208,\n",
              "        0.23686505, 0.38017896, 0.66945261, 0.4706346 , 0.20130543,\n",
              "        0.22980677, 0.59920916, 0.58674415, 0.4288649 , 0.5755603 ,\n",
              "        0.20598042, 0.48823696, 0.47291199, 0.54550929, 0.68716563],\n",
              "       [0.41063147, 0.        , 0.78992442, 0.56985134, 0.62840624,\n",
              "        0.75364594, 0.85388263, 0.92016328, 0.76039705, 0.74292837,\n",
              "        1.23050092, 0.99674   , 0.98470165, 0.92445093, 0.58773829,\n",
              "        0.42181567, 0.62862771, 1.06694991, 0.87841061, 0.38954665,\n",
              "        0.28734785, 0.99219197, 0.98442095, 0.83254044, 0.98335749,\n",
              "        0.25222199, 0.888706  , 0.70740754, 0.76121535, 1.00296608],\n",
              "       [0.56737824, 0.78992442, 0.        , 0.23235684, 0.23415549,\n",
              "        0.20833975, 0.45019922, 0.6623023 , 0.56169085, 0.0471111 ,\n",
              "        0.73296554, 0.57107047, 0.34210336, 0.48818397, 0.57484945,\n",
              "        0.38285198, 0.91259207, 0.89095353, 0.68898318, 0.42414762,\n",
              "        0.51035738, 0.86175746, 0.83133377, 0.69993538, 0.61030165,\n",
              "        0.55934771, 0.75285074, 0.09456231, 0.02923953, 0.28278807],\n",
              "       [0.43775208, 0.56985134, 0.23235684, 0.        , 0.21779684,\n",
              "        0.30719899, 0.53427013, 0.71655817, 0.57627699, 0.1886632 ,\n",
              "        0.88283043, 0.68155388, 0.52433964, 0.59317682, 0.51573621,\n",
              "        0.20615933, 0.81510016, 0.93761146, 0.72055411, 0.24825988,\n",
              "        0.30695475, 0.89051906, 0.86519769, 0.71178864, 0.70374084,\n",
              "        0.36129227, 0.77259171, 0.17593036, 0.20324767, 0.49577074],\n",
              "       [0.33922542, 0.62840624, 0.23415549, 0.21779684, 0.        ,\n",
              "        0.126461  , 0.31848822, 0.49979294, 0.36621228, 0.19798087,\n",
              "        0.68027473, 0.46858599, 0.36167762, 0.38058699, 0.34453379,\n",
              "        0.20878641, 0.67878803, 0.72312074, 0.5077685 , 0.23893142,\n",
              "        0.34184634, 0.67985043, 0.65303892, 0.50466334, 0.48729466,\n",
              "        0.3785312 , 0.56356172, 0.14322107, 0.21677662, 0.37541491],\n",
              "       [0.43721781, 0.75364594, 0.20833975, 0.30719899, 0.126461  ,\n",
              "        0.        , 0.2473365 , 0.45544665, 0.35543859, 0.19606762,\n",
              "        0.57572104, 0.38262653, 0.2356177 , 0.29530974, 0.39490946,\n",
              "        0.33520277, 0.73918626, 0.6841664 , 0.48064381, 0.36417425,\n",
              "        0.4677838 , 0.65348585, 0.62321857, 0.49262937, 0.41378073,\n",
              "        0.50264357, 0.54470873, 0.15633649, 0.20689886, 0.25426029],\n",
              "       [0.46022085, 0.85388263, 0.45019922, 0.53427013, 0.31848822,\n",
              "        0.2473365 , 0.        , 0.2155451 , 0.17990992, 0.44299947,\n",
              "        0.38062773, 0.15313137, 0.24719904, 0.07082741, 0.32432116,\n",
              "        0.48439737, 0.63388672, 0.4425131 , 0.25634429, 0.49459673,\n",
              "        0.59406978, 0.42159524, 0.38921058, 0.2870443 , 0.16963745,\n",
              "        0.60893264, 0.32552791, 0.40286845, 0.45259355, 0.34696426],\n",
              "       [0.50971807, 0.92016328, 0.6623023 , 0.71655817, 0.49979294,\n",
              "        0.45544665, 0.2155451 , 0.        , 0.16337923, 0.65106045,\n",
              "        0.36352029, 0.18157296, 0.43984158, 0.20721017, 0.33317944,\n",
              "        0.61922516, 0.53618206, 0.22873448, 0.07093968, 0.61588165,\n",
              "        0.7009067 , 0.2076915 , 0.17455947, 0.12966155, 0.12400435,\n",
              "        0.69947289, 0.13193622, 0.60666463, 0.6623447 , 0.54841624],\n",
              "       [0.34991727, 0.76039705, 0.56169085, 0.57627699, 0.36621228,\n",
              "        0.35543859, 0.17990992, 0.16337923, 0.        , 0.54124388,\n",
              "        0.48847359, 0.26248722, 0.42502386, 0.22518356, 0.17911902,\n",
              "        0.46037505, 0.45544171, 0.3639005 , 0.14572606, 0.4544701 ,\n",
              "        0.53770253, 0.31435449, 0.28909248, 0.1394311 , 0.23134078,\n",
              "        0.53625477, 0.19735211, 0.4911806 , 0.55569504, 0.51870827],\n",
              "       [0.52543644, 0.74292837, 0.0471111 , 0.1886632 , 0.19798087,\n",
              "        0.19606762, 0.44299947, 0.65106045, 0.54124388, 0.        ,\n",
              "        0.74565543, 0.57208588, 0.36177269, 0.48679532, 0.54195256,\n",
              "        0.33621906, 0.87631768, 0.8796702 , 0.67324695, 0.37774888,\n",
              "        0.46328154, 0.8466563 , 0.81708525, 0.68041242, 0.60748793,\n",
              "        0.51242739, 0.73526964, 0.05476038, 0.02021121, 0.31436908],\n",
              "       [0.82729375, 1.23050092, 0.73296554, 0.88283043, 0.68027473,\n",
              "        0.57572104, 0.38062773, 0.36352029, 0.48847359, 0.74565543,\n",
              "        0.        , 0.23385604, 0.39600029, 0.31011852, 0.6667118 ,\n",
              "        0.86284254, 0.89899088, 0.43687294, 0.43235637, 0.87486824,\n",
              "        0.97469702, 0.4828374 , 0.45443001, 0.49234679, 0.25755828,\n",
              "        0.98858665, 0.47730444, 0.72295047, 0.74734686, 0.49075691],\n",
              "       [0.59386797, 0.99674   , 0.57107047, 0.68155388, 0.46858599,\n",
              "        0.38262653, 0.15313137, 0.18157296, 0.26248722, 0.57208588,\n",
              "        0.23385604, 0.        , 0.28559729, 0.08837743, 0.43731576,\n",
              "        0.63714056, 0.70102808, 0.36529633, 0.2500183 , 0.64609381,\n",
              "        0.74407433, 0.37208968, 0.33818638, 0.30368794, 0.06078456,\n",
              "        0.75598004, 0.31345815, 0.53836207, 0.57858745, 0.39729819],\n",
              "       [0.63729732, 0.98470165, 0.34210336, 0.52433964, 0.36167762,\n",
              "        0.2356177 , 0.24719904, 0.43984158, 0.42502386, 0.36177269,\n",
              "        0.39600029, 0.28559729, 0.        , 0.23263582, 0.54282884,\n",
              "        0.56982937, 0.87265764, 0.64856499, 0.49420293, 0.59660812,\n",
              "        0.7009624 , 0.64566297, 0.61183135, 0.53171917, 0.3416166 ,\n",
              "        0.73260067, 0.56377834, 0.35095036, 0.35997033, 0.11170222],\n",
              "       [0.52872556, 0.92445093, 0.48818397, 0.59317682, 0.38058699,\n",
              "        0.29530974, 0.07082741, 0.20721017, 0.22518356, 0.48679532,\n",
              "        0.31011852, 0.08837743, 0.23263582, 0.        , 0.38557731,\n",
              "        0.55361343, 0.67952875, 0.42172558, 0.26348273, 0.56479035,\n",
              "        0.6646766 , 0.41360535, 0.37991053, 0.30607725, 0.12263318,\n",
              "        0.67975904, 0.33262535, 0.45144038, 0.49417851, 0.34160073],\n",
              "       [0.17900208, 0.58773829, 0.57484945, 0.51573621, 0.34453379,\n",
              "        0.39490946, 0.32432116, 0.33317944, 0.17911902, 0.54195256,\n",
              "        0.6667118 , 0.43731576, 0.54282884, 0.38557731, 0.        ,\n",
              "        0.35003203, 0.34434356, 0.49308621, 0.29165707, 0.33005555,\n",
              "        0.39260313, 0.4256107 , 0.41075734, 0.2509245 , 0.41019861,\n",
              "        0.37952358, 0.31152791, 0.48731672, 0.56017892, 0.61648007],\n",
              "       [0.23686505, 0.42181567, 0.38285198, 0.20615933, 0.20878641,\n",
              "        0.33520277, 0.48439737, 0.61922516, 0.46037505, 0.33621906,\n",
              "        0.86284254, 0.63714056, 0.56982937, 0.55361343, 0.35003203,\n",
              "        0.        , 0.61700584, 0.82095558, 0.60441565, 0.04310292,\n",
              "        0.13447529, 0.76227108, 0.7420004 , 0.58098805, 0.6415892 ,\n",
              "        0.17785417, 0.6437443 , 0.29310049, 0.35596484, 0.58141117],\n",
              "       [0.38017896, 0.62862771, 0.91259207, 0.81510016, 0.67878803,\n",
              "        0.73918626, 0.63388672, 0.53618206, 0.45544171, 0.87631768,\n",
              "        0.89899088, 0.70102808, 0.87265764, 0.67952875, 0.34434356,\n",
              "        0.61700584, 0.        , 0.55728821, 0.46664513, 0.58096627,\n",
              "        0.58762415, 0.4784611 , 0.48910118, 0.4067444 , 0.65338048,\n",
              "        0.5449056 , 0.42803667, 0.8216473 , 0.89542743, 0.95516369],\n",
              "       [0.66945261, 1.06694991, 0.89095353, 0.93761146, 0.72312074,\n",
              "        0.6841664 , 0.4425131 , 0.22873448, 0.3639005 , 0.8796702 ,\n",
              "        0.43687294, 0.36529633, 0.64856499, 0.42172558, 0.49308621,\n",
              "        0.82095558, 0.55728821, 0.        , 0.21817911, 0.81078656,\n",
              "        0.88409887, 0.07973539, 0.08280057, 0.24301611, 0.30709521,\n",
              "        0.87256899, 0.1815584 , 0.83473541, 0.89106513, 0.75988154],\n",
              "       [0.4706346 , 0.87841061, 0.68898318, 0.72055411, 0.5077685 ,\n",
              "        0.48064381, 0.25634429, 0.07093968, 0.14572606, 0.67324695,\n",
              "        0.43235637, 0.2500183 , 0.49420293, 0.26348273, 0.29165707,\n",
              "        0.60441565, 0.46664513, 0.21817911, 0.        , 0.59624448,\n",
              "        0.67448888, 0.17350708, 0.14531715, 0.06011926, 0.19418807,\n",
              "        0.66781843, 0.06967099, 0.62569956, 0.68615645, 0.59993259],\n",
              "       [0.20130543, 0.38954665, 0.42414762, 0.24825988, 0.23893142,\n",
              "        0.36417425, 0.49459673, 0.61588165, 0.4544701 , 0.37774888,\n",
              "        0.87486824, 0.64609381, 0.59660812, 0.56479035, 0.33005555,\n",
              "        0.04310292, 0.58096627, 0.81078656, 0.59624448, 0.        ,\n",
              "        0.10458718, 0.74933064, 0.73060343, 0.56893046, 0.64652331,\n",
              "        0.14044266, 0.63159192, 0.33329373, 0.39761844, 0.61402832],\n",
              "       [0.22980677, 0.28734785, 0.51035738, 0.30695475, 0.34184634,\n",
              "        0.4677838 , 0.59406978, 0.7009067 , 0.53770253, 0.46328154,\n",
              "        0.97469702, 0.74407433, 0.7009624 , 0.6646766 , 0.39260313,\n",
